0, 1, 16, 0, 4.18%
0, 1, 256, 1, 17.48%
0, 1, 4096, 26, 37.15%
0, 2, 16, 0, 8.43%
0, 2, 64, 0, 17.82%
0, 2, 256, 2, 37.56%
0, 4, 16, 0, 20.77%
0, 4, 64, 1, 37.42%
0, 4, 256, 4, 37.90%
0, 8, 16, 0, 27.14%
0, 8, 64, 2, 27.42%
0, 8, 256, 8, 37.90%
1, 1, 16, 0, 56.34%
1, 1, 256, 1, 89.74%
1, 1, 256, 1, 89.74%
1, 2, 16, 0, 81.50%
1, 2, 256, 2, 91.34%
1, 2, 4096, 42, 91.68%
1, 4, 16, 0, 90.85%
1, 4, 256, 4, 91.75%
1, 4, 4096, 74, 91.75%
1, 8, 16, 0, 91.27%
1, 8, 256, 8, 91.75%
1, 8, 4096, 138, 91.75%
0, 1, 16, 0, 4.18%, 61, 1398
0, 1, 256, 1, 17.48%, 255, 1204
0, 1, 4096, 26, 37.15%, 542, 917
0, 2, 16, 0, 8.43%, 123, 1336
0, 2, 64, 0, 17.82%, 260, 1199
0, 2, 256, 2, 37.56%, 548, 911
0, 4, 16, 0, 20.77%, 303, 1156
0, 4, 64, 1, 37.42%, 546, 913
0, 4, 256, 4, 37.90%, 553, 906
0, 8, 16, 0, 27.14%, 396, 1063
0, 8, 64, 2, 27.42%, 400, 1059
0, 8, 256, 8, 37.90%, 553, 906
1, 1, 16, 0, 56.34%, 813, 630
1, 1, 256, 1, 89.74%, 1295, 148
1, 1, 256, 1, 89.74%, 1295, 148
1, 2, 16, 0, 81.50%, 1176, 267
1, 2, 256, 2, 91.34%, 1318, 125
1, 2, 4096, 42, 91.68%, 1323, 120
1, 4, 16, 0, 90.85%, 1311, 132
1, 4, 256, 4, 91.75%, 1324, 119
1, 4, 4096, 74, 91.75%, 1324, 119
1, 8, 16, 0, 91.27%, 1317, 126
1, 8, 256, 8, 91.75%, 1324, 119
1, 8, 4096, 138, 91.75%, 1324, 119
0, 1, 16, 0, 0.00%, 52, 6315350
0, 1, 256, 1, 99.96%, 6312693, 2709
0, 1, 4096, 26, 99.98%, 6313886, 1516
0, 2, 16, 0, 24.54%, 1549635, 4765767
0, 2, 64, 0, 99.96%, 6312790, 2612
0, 2, 256, 2, 99.97%, 6313816, 1586
0, 4, 16, 0, 99.96%, 6312905, 2497
0, 4, 64, 1, 99.97%, 6313788, 1614
0, 4, 256, 4, 99.98%, 6314048, 1354
0, 8, 16, 0, 99.97%, 6313195, 2207
0, 8, 64, 2, 99.97%, 6313646, 1756
0, 8, 256, 8, 99.98%, 6314088, 1314
1, 1, 16, 0, 46.46%, 2928609, 3375518
1, 1, 256, 1, 99.91%, 6298489, 5638
1, 1, 256, 1, 99.91%, 6298489, 5638
1, 2, 16, 0, 81.44%, 5133914, 1170213
1, 2, 256, 2, 100.00%, 6303824, 303
1, 2, 4096, 42, 100.00%, 6303871, 256
1, 4, 16, 0, 92.24%, 5814978, 489149
1, 4, 256, 4, 100.00%, 6303857, 270
1, 4, 4096, 74, 100.00%, 6303886, 241
1, 8, 16, 0, 99.99%, 6303788, 339
1, 8, 256, 8, 100.00%, 6303838, 289
1, 8, 4096, 138, 100.00%, 6303887, 240
0, 1, 16, 0, 4.18%, 61, 1398
0, 1, 256, 1, 17.48%, 255, 1204
0, 1, 4096, 26, 37.15%, 542, 917
0, 2, 16, 0, 8.43%, 123, 1336
0, 2, 64, 0, 17.82%, 260, 1199
0, 2, 256, 2, 37.56%, 548, 911
0, 4, 16, 0, 20.77%, 303, 1156
0, 4, 64, 1, 37.42%, 546, 913
0, 4, 256, 4, 37.90%, 553, 906
0, 8, 16, 0, 27.14%, 396, 1063
0, 8, 64, 2, 27.42%, 400, 1059
0, 8, 256, 8, 37.90%, 553, 906
1, 1, 16, 0, 56.34%, 813, 630
1, 1, 256, 1, 89.74%, 1295, 148
1, 1, 256, 1, 89.74%, 1295, 148
1, 2, 16, 0, 81.29%, 1173, 270
1, 2, 256, 2, 91.34%, 1318, 125
1, 2, 4096, 42, 91.68%, 1323, 120
1, 4, 16, 0, 90.64%, 1308, 135
1, 4, 256, 4, 91.75%, 1324, 119
1, 4, 4096, 74, 91.75%, 1324, 119
1, 8, 16, 0, 91.27%, 1317, 126
1, 8, 256, 8, 91.75%, 1324, 119
1, 8, 4096, 138, 91.75%, 1324, 119
0, 1, 16, 0, 4.18%, 61, 1398
0, 1, 256, 1, 17.48%, 255, 1204
0, 1, 4096, 26, 37.15%, 542, 917
0, 2, 16, 0, 8.43%, 123, 1336
0, 2, 64, 0, 17.82%, 260, 1199
0, 2, 256, 2, 37.56%, 548, 911
0, 4, 16, 0, 20.77%, 303, 1156
0, 4, 64, 1, 37.42%, 546, 913
0, 4, 256, 4, 37.90%, 553, 906
0, 8, 16, 0, 27.14%, 396, 1063
0, 8, 64, 2, 27.42%, 400, 1059
0, 8, 256, 8, 37.90%, 553, 906
1, 1, 16, 0, 56.34%, 813, 630
1, 1, 256, 1, 89.74%, 1295, 148
1, 1, 256, 1, 89.74%, 1295, 148
1, 2, 16, 0, 80.94%, 1168, 275
1, 2, 256, 2, 91.34%, 1318, 125
1, 2, 4096, 42, 91.68%, 1323, 120
1, 4, 16, 0, 90.85%, 1311, 132
1, 4, 256, 4, 91.75%, 1324, 119
1, 4, 4096, 74, 91.75%, 1324, 119
1, 8, 16, 0, 91.27%, 1317, 126
1, 8, 256, 8, 91.75%, 1324, 119
1, 8, 4096, 138, 91.75%, 1324, 119
